Pos      Prof       R (d)    R (i)    Rstima
 3.       2.      -0.71809 -1.57947  0.     
 5.       2.      -0.36184 -1.19342 -0.53282
 7.       2.      -0.55822 -0.50742 -0.53282
 9.       2.           nan -0.87226 -0.87226
11.       2.      -0.78104 -0.64636 -0.7137 
13.       2.      -0.00649 -1.09183 -0.7137 
15.       2.      -0.00248 -1.87058 -0.49074
17.       2.           nan -0.49074 -0.49074
19.       2.           nan -0.42974 -0.42974
21.       2.      -0.00295 -5.18475 -0.34175
23.       2.           nan -0.34175 -0.34175
25.       2.      -0.23232 -0.74469 -0.34175
31.        2.       -1.90873  -0.12503  -1.649305
33.        2.       -2.02472  -1.27389  -1.649305
35.       2.           nan -1.41313 -1.41313
37.       2.           nan -1.29299 -1.29299
39.       2.           nan -0.28666 -0.28666
41.       2.      -0.31231 -4.42568 -1.23893
43.       2.           nan -1.23893 -1.23893
45.       2.           nan -1.59971 -1.59971
47.       2.      -2.97203      nan -2.97203
49.       2.      -0.12146      nan -0.12146
51.       2.      -0.03526 -6.01234 -0.12146
53.          2.         -0.09099    -1.69632    -1.47346304
55.        2.       -2.32542  -1.68425  -2.004835
57.        2.       -0.06697  -6.91044  -2.004835
59.       2.      -0.15177 -5.97194 -1.48869
61.       2.           nan -1.48869 -1.48869
63.       2.      -0.08123 -6.01577 -1.48869
65.       2.      -0.03901 -9.75232 -1.48869
67.       2.      -0.12768 -7.72305 -3.85864
69.       2.           nan -3.85864 -3.85864
71.       2.           nan -0.95337 -0.95337
73.          2.         -0.25516    -6.37294    -5.42530984
75.       2.           nan -7.74591 -7.74591
79.       2.      -3.42597 -8.59291 -7.74591
81.          2.         -0.02632    -6.04174    -4.95392597
83.       2.      -0.00919 -6.09464 -3.23085
85.       2.      -2.97203 -3.48967 -3.23085
87.       2.      -0.24528 -8.50145 -3.23085
89.          2.         -0.05141    -1.41177    -1.02241161
91.       2.           nan -2.32241 -2.32241
 4.          3.         -0.1676     -0.54626    -0.40320241
 8.      3.         nan -1.1316 -1.1316
10.       3.           nan -0.35976 -0.35976
12.       3.      -0.00649      nan -0.00649
14.       3.           nan -0.64936 -0.64936
16.          3.         -0.98187    -0.46789    -0.62380277
18.       3.           nan -0.07148 -0.07148
20.       3.      -0.04908 -0.70276 -0.07148
22.       3.      -0.05727 -0.49712 -0.1014 
24.      3.         nan -0.1014 -0.1014
28.          3.         -0.08905    -2.89893    -0.15905851
30.       3.           nan -0.01537 -0.01537
32.         3.        -1.2306    -0.04906   -0.0809324
34.          3.         -2.41003    -1.25353    -1.41866264
36.       3.           nan -1.02239 -1.02239
38.       3.           nan -0.05941 -0.05941
40.       3.           nan -0.13022 -0.13022
42.       3.           nan -0.58611 -0.58611
44.       3.           nan -0.19869 -0.19869
46.       3.      -0.02114 -0.06397 -0.04456
48.       3.      -0.04456      nan -0.04456
50.       3.      -0.20815      nan -0.20815
52.       3.      -0.06626 -4.24922 -0.20815
54.       3.      -2.34284 -0.41664 -1.02318
56.       3.           nan -1.02318 -1.02318
58.       3.      -2.94429 -1.83793 -2.39111
60.       3.           nan -1.13575 -1.13575
62.       3.           nan -0.41467 -0.41467
64.       3.      -3.42231 -4.09753 -3.75992
66.       3.      -3.31873 -6.47104 -3.75992
68.       3.      -0.06379 -8.84108 -0.49671
70.       3.           nan -0.49671 -0.49671
72.       3.           nan -0.08066 -0.08066
74.       3.      -0.04833 -7.06396 -5.60963
76.       3.           nan -5.60963 -5.60963
78.       3.           nan -0.04334 -0.04334
80.       3.           nan -0.94081 -0.94081
82.         3.        -0.25121   -0.54193   -0.4767671
84.       3.           nan -0.66004 -0.66004
86.          3.         -0.04456    -0.69358    -0.42554564
88.       3.           nan -2.23371 -2.23371
90.       3.           nan -1.99314 -1.99314
 6.       4.      -0.02602 -0.99619 -0.86848
 7.       4.           nan -0.86848 -0.86848
 9.       4.           nan -0.17907 -0.17907
10.       4.      -0.00201 -0.63641 -0.11457
11.       4.           nan -0.11457 -0.11457
14.       4.           nan -0.58691 -0.58691
15.       4.           nan -0.23612 -0.23612
17.       4.           nan -0.10914 -0.10914
18.       4.      -0.00267 -0.27502 -0.09866
19.       4.           nan -0.09866 -0.09866
21.       4.           nan -0.14222 -0.14222
22.       4.      -0.12146 -0.71818 -0.14222
23.         4.        -1.75963   -0.15992   -0.1772368
26.         4.        -0.07529   -0.95576   -0.1772368
27.         4.        -0.00361   -0.91131   -0.1772368
29.          4.         -0.18619    -0.63882    -0.19480249
30.       4.      -0.00336 -0.78529 -0.01898
31.       4.           nan -0.01898 -0.01898
33.          4.         -0.18694    -0.05174    -0.07380632
34.       4.      -0.00085 -1.61562 -0.94224
35.       4.           nan -0.94224 -0.94224
37.       4.           nan -0.08862 -0.08862
38.       4.           nan -0.18904 -0.18904
39.       4.           nan -0.03225 -0.03225
41.       4.           nan -0.03924 -0.03924
42.       4.           nan -0.70155 -0.70155
43.       4.           nan -0.12963 -0.12963
45.         4.        -0.005     -0.0169    -0.0112483
46.       4.      -0.01564 -0.03389 -0.02632
47.       4.      -0.02632      nan -0.02632
49.       4.      -0.24528      nan -0.24528
50.       4.      -0.47382      nan -0.47382
51.       4.      -0.07529      nan -0.07529
53.       4.      -0.0016  -3.97475 -0.07529
54.       4.      -0.02134 -4.05447 -0.30095
55.       4.      -0.29009 -0.31181 -0.30095
57.       4.      -0.27296 -0.59366 -0.30095
58.       4.      -0.00059 -2.42037 -0.30095
59.          4.         -0.3805     -0.7487     -0.42645371
61.       4.           nan -0.31926 -0.31926
62.       4.      -0.02059 -1.37947 -0.64636
63.       4.           nan -0.64636 -0.64636
65.       4.      -0.37275 -2.65455 -0.64636
 66.        4.       -0.00105 -12.14464  -0.64636
67.          4.         -0.74484    -7.4539     -0.84051135
69.         4.        -0.00602   -1.06624   -0.8065515
70.       4.           nan -1.57531 -1.57531
71.       4.           nan -0.09629 -0.09629
73.       4.           nan -0.08046 -0.08046
74.       4.      -0.00143 -8.05613 -0.08046
75.       4.      -0.01243 -5.1607  -1.3755 
77.      4.         nan -1.3755 -1.3755
78.       4.           nan -1.38623 -1.38623
79.      4.         nan -0.0518 -0.0518
81.       4.           nan -0.04003 -0.04003
82.       4.      -0.00128 -0.80983 -0.06285
83.       4.      -0.0605  -0.0652  -0.06285
85.       4.      -0.00156 -0.25978 -0.06285
86.       4.      -0.04375 -0.91453 -0.14062
87.       4.           nan -0.14062 -0.14062
89.       4.           nan -4.57636 -4.57636
 6.        5.       -0.36488  -0.65345  -0.509165
 8.       5.           nan -0.13133 -0.13133
10.       5.           nan -0.05579 -0.05579
12.       5.           nan -0.08816 -0.08816
16.       5.           nan -0.10461 -0.10461
18.       5.      -0.19218 -0.16392 -0.17805
20.       5.           nan -0.03244 -0.03244
22.       5.           nan -0.05369 -0.05369
24.       5.      -0.00062      nan -0.00062
26.     5.       nan -0.134 -0.134
28.       5.      -0.00062 -0.27415 -0.134  
30.          5.         -0.03429    -0.32744    -0.04916898
32.       5.           nan -0.01773 -0.01773
34.          5.         -0.01798    -0.04481    -0.03519688
36.       5.           nan -0.07873 -0.07873
38.       5.           nan -0.05719 -0.05719
40.       5.           nan -0.01141 -0.01141
42.     5.       nan -0.014 -0.014
44.          5.         -0.08721    -0.00845    -0.05545506
48.       5.      -0.25121      nan -0.25121
50.       5.      -0.05141      nan -0.05141
54.        5.       -0.04689  -3.53684  -0.162845
56.        5.       -0.11846  -0.20723  -0.162845
58.      5.         nan -0.4529 -0.4529
60.       5.           nan -0.32591 -0.32591
62.       5.           nan -0.45763 -0.45763
64.       5.           nan -0.55075 -0.55075
66.       5.      -0.07938 -3.11547 -0.55075
68.       5.      -0.19232 -0.95758 -0.55075
70.          5.         -3.06954    -0.17459    -0.23425488
72.       5.           nan -0.11236 -0.11236
74.       5.           nan -0.06971 -0.06971
76.       5.      -0.00529 -1.29319 -0.34481
78.       5.           nan -0.34481 -0.34481
80.       5.           nan -0.04778 -0.04778
84.       5.      -0.04064 -0.02504 -0.03284
86.       5.           nan -0.17463 -0.17463
88.       5.           nan -0.39737 -0.39737
 8.       6.      -0.01068 -0.28153 -0.14175
12.       6.           nan -0.14175 -0.14175
16.       6.           nan -0.06611 -0.06611
20.       6.           nan -0.12249 -0.12249
24.       6.      -0.20815 -0.26381 -0.23598
28.          6.         -0.0085     -0.38557    -0.38079412
32.       6.           nan -0.39047 -0.39047
36.       6.           nan -0.09826 -0.09826
40.       6.           nan -0.03645 -0.03645
44.         6.        -0.1244    -0.05301   -0.0949035
48.       6.      -0.29426      nan -0.29426
52.       6.      -0.03282      nan -0.03282
56.       6.      -0.00982 -3.36606 -0.03282
60.       6.      -0.36975 -1.26825 -0.9843 
64.      6.         nan -0.9843 -0.9843
68.       6.      -0.0076  -1.32683 -0.30017
72.       6.           nan -0.30017 -0.30017
76.       6.      -0.00693 -1.16516 -0.20727
80.       6.           nan -0.20727 -0.20727
 9.       6.5          nan -0.09184 -0.09184
11.       6.5          nan -0.08694 -0.08694
13.       6.5          nan -0.07015 -0.07015
17.       6.5          nan -0.07131 -0.07131
19.       6.5     -0.00295      nan -0.00295
19.       6.5          nan -0.13897 -0.13897
21.       6.5          nan -0.06835 -0.06835
25.       6.5          nan -0.28128 -0.28128
27.       6.5          nan -0.08847 -0.08847
29.       6.5          nan -0.20072 -0.20072
31.      6.5        nan -0.5033 -0.5033
33.      6.5        nan -0.2606 -0.2606
35.       6.5          nan -0.00341 -0.00341
37.       6.5          nan -0.05587 -0.05587
39.       6.5          nan -0.04449 -0.04449
41.       6.5     -2.94429      nan -2.94429
41.       6.5          nan -0.00821 -0.00821
43.       6.5     -3.42231      nan -3.42231
43.       6.5          nan -0.00114 -0.00114
45.       6.5     -0.19232      nan -0.19232
45.      6.5        nan -0.0324 -0.0324
47.       6.5     -0.25516      nan -0.25516
49.      6.5    -0.0605     nan -0.0605
51.       6.5     -0.02602      nan -0.02602
53.      6.5    -0.0085     nan -0.0085
55.       6.5     -0.00982      nan -0.00982
55.       6.5          nan -2.75456 -2.75456
57.      6.5    -0.0076     nan -0.0076
57.       6.5          nan -3.25115 -3.25115
59.       6.5          nan -0.33567 -0.33567
61.       6.5          nan -1.19366 -1.19366
63.       6.5          nan -0.89696 -0.89696
65.       6.5          nan -0.93584 -0.93584
67.       6.5     -0.29431      nan -0.29431
67.      6.5        nan -0.7509 -0.7509
69.       6.5          nan -0.13492 -0.13492
71.       6.5          nan -0.42066 -0.42066
73.       6.5          nan -0.20212 -0.20212
75.       6.5          nan -0.05094 -0.05094
77.      6.5        nan -0.2913 -0.2913
79.       6.5          nan -0.41656 -0.41656
81.       6.5          nan -0.14697 -0.14697
87.       6.5          nan -0.21577 -0.21577
10.      7.     -0.3203     nan -0.3203
26.       7.      -0.58579      nan -0.58579
42.       7.      -1.05934      nan -1.05934
50.       7.      -0.57966      nan -0.57966
58.       7.      -0.45473      nan -0.45473
66.       7.      -4.85911      nan -4.85911
74.       7.      -1.76621      nan -1.76621
10.       8.           nan -0.09456 -0.09456
12.       8.           nan -0.24555 -0.24555
14.       8.           nan -0.04494 -0.04494
18.       8.           nan -0.02395 -0.02395
20.       8.           nan -0.16845 -0.16845
22.       8.           nan -0.07585 -0.07585
26.       8.           nan -0.10356 -0.10356
28.       8.           nan -0.52676 -0.52676
30.       8.           nan -0.23905 -0.23905
34.       8.           nan -0.05464 -0.05464
36.       8.           nan -0.16236 -0.16236
38.       8.           nan -0.03275 -0.03275
42.       8.      -0.00349 -0.00313 -0.00331
44.       8.           nan -0.07086 -0.07086
46.       8.      -0.18333      nan -0.18333
50.       8.      -0.06333      nan -0.06333
54.       8.      -0.00848      nan -0.00848
58.          8.         -0.00271    -4.62251    -4.13130057
60.       8.           nan -5.24639 -5.24639
62.       8.      -0.04143 -1.06288 -0.63013
66.       8.           nan -0.63013 -0.63013
68.       8.           nan -1.79056 -1.79056
70.       8.           nan -0.18612 -0.18612
74.       8.           nan -0.12042 -0.12042
76.       8.           nan -1.27322 -1.27322
78.       8.           nan -0.14012 -0.14012
82.       8.           nan -0.15109 -0.15109
11.       8.5          nan -0.04441 -0.04441
13.       8.5          nan -0.01753 -0.01753
15.       8.5          nan -0.03771 -0.03771
19.      8.5        nan -0.0125 -0.0125
21.       8.5          nan -0.00009 -0.00009
23.       8.5          nan -0.07803 -0.07803
25.       8.5          nan -0.03155 -0.03155
27.       8.5          nan -0.05529 -0.05529
29.       8.5          nan -0.05522 -0.05522
31.       8.5          nan -0.17266 -0.17266
33.       8.5          nan -0.04094 -0.04094
35.       8.5          nan -0.03502 -0.03502
37.       8.5          nan -0.00207 -0.00207
39.       8.5     -2.34284      nan -2.34284
39.       8.5          nan -0.00955 -0.00955
41.       8.5     -2.32542      nan -2.32542
41.       8.5          nan -0.00118 -0.00118
43.      8.5    -0.3805     nan -0.3805
43.       8.5          nan -0.00644 -0.00644
45.       8.5     -0.37275      nan -0.37275
47.       8.5     -0.12768      nan -0.12768
49.       8.5     -0.04833      nan -0.04833
51.       8.5     -0.04064      nan -0.04064
53.       8.5     -0.01068      nan -0.01068
55.       8.5     -0.00336      nan -0.00336
57.       8.5     -0.00271      nan -0.00271
57.       8.5          nan -1.43091 -1.43091
59.       8.5     -0.00143      nan -0.00143
59.      8.5        nan -4.5566 -4.5566
61.       8.5          nan -0.63013 -0.63013
63.       8.5          nan -1.05093 -1.05093
65.       8.5     -0.01312      nan -0.01312
65.       8.5          nan -0.64484 -0.64484
67.       8.5          nan -0.72671 -0.72671
69.       8.5          nan -0.48351 -0.48351
71.       8.5     -0.02296      nan -0.02296
71.       8.5          nan -0.12432 -0.12432
73.       8.5          nan -0.19353 -0.19353
75.       8.5          nan -0.09875 -0.09875
77.       8.5          nan -0.01887 -0.01887
79.       8.5          nan -0.09704 -0.09704
81.       8.5          nan -0.23197 -0.23197
83.       8.5          nan -0.16246 -0.16246
12.      10.           nan -0.02481 -0.02481
16.      10.           nan -0.04142 -0.04142
20.      10.           nan -0.01828 -0.01828
24.      10.           nan -0.05951 -0.05951
28.      10.           nan -0.04887 -0.04887
32.      10.           nan -0.02088 -0.02088
36.      10.           nan -0.01663 -0.01663
40.      10.      -2.90025      nan -2.90025
44.     10.     -0.6724 -0.0039 -0.0609
48.     10.     -0.0609     nan -0.0609
52.      10.      -0.01717      nan -0.01717
56.      10.      -0.00217      nan -0.00217
60.      10.      -0.00497 -3.99805 -0.78075
64.      10.           nan -0.78075 -0.78075
68.      10.           nan -0.50967 -0.50967
76.      10.           nan -0.07195 -0.07195
80.      10.           nan -0.10838 -0.10838
13.      10.5          nan -0.02412 -0.02412
15.      10.5          nan -0.01564 -0.01564
17.      10.5          nan -0.03049 -0.03049
19.      10.5          nan -0.00135 -0.00135
21.      10.5          nan -0.01861 -0.01861
23.      10.5          nan -0.07942 -0.07942
25.      10.5          nan -0.05077 -0.05077
27.      10.5          nan -0.02464 -0.02464
29.      10.5          nan -0.02759 -0.02759
31.      10.5          nan -0.03231 -0.03231
33.      10.5          nan -0.01416 -0.01416
35.      10.5          nan -0.02192 -0.02192
37.      10.5     -2.41003      nan -2.41003
37.      10.5          nan -0.00433 -0.00433
39.      10.5     -0.06626      nan -0.06626
39.      10.5          nan -0.00016 -0.00016
41.      10.5     -0.29009      nan -0.29009
43.      10.5     -0.27296      nan -0.27296
45.      10.5     -0.15177      nan -0.15177
47.      10.5     -0.07938      nan -0.07938
49.      10.5     -0.06379      nan -0.06379
51.      10.5     -0.01243      nan -0.01243
53.      10.5     -0.00919      nan -0.00919
55.      10.5     -0.00201      nan -0.00201
57.      10.5     -0.00085      nan -0.00085
59.      10.5     -0.00497      nan -0.00497
59.      10.5          nan -2.82421 -2.82421
61.      10.5     -0.00693      nan -0.00693
61.      10.5          nan -4.06562 -4.06562
63.      10.5          nan -0.52384 -0.52384
65.      10.5          nan -0.78722 -0.78722
67.      10.5          nan -0.78907 -0.78907
69.      10.5          nan -0.41148 -0.41148
71.      10.5          nan -0.43252 -0.43252
75.      10.5          nan -0.14017 -0.14017
77.     10.5        nan -0.0601 -0.0601
79.      10.5          nan -0.01285 -0.01285
81.     10.5        nan -0.1058 -0.1058
83.      10.5          nan -0.21811 -0.21811
38.      11.      -0.60383      nan -0.60383
46.     11.     -0.3186     nan -0.3186
54.      11.      -0.03467      nan -0.03467
62.      11.      -0.03905      nan -0.03905
70.      11.      -0.09371      nan -0.09371
16.      12.           nan -0.06976 -0.06976
24.      12.           nan -0.03423 -0.03423
32.      12.           nan -0.05012 -0.05012
64.      12.           nan -2.30254 -2.30254
72.      12.           nan -0.68563 -0.68563
15.      12.5          nan -0.01668 -0.01668
17.      12.5          nan -0.00051 -0.00051
19.     12.5        nan -0.0324 -0.0324
23.      12.5          nan -0.00661 -0.00661
25.      12.5          nan -0.10448 -0.10448
27.      12.5          nan -0.03236 -0.03236
29.      12.5          nan -0.00864 -0.00864
31.      12.5          nan -0.02161 -0.02161
33.      12.5          nan -0.00845 -0.00845
35.      12.5     -1.90873      nan -1.90873
35.      12.5          nan -0.00841 -0.00841
37.      12.5     -2.02472      nan -2.02472
37.      12.5          nan -0.00392 -0.00392
39.      12.5     -0.31231      nan -0.31231
39.      12.5          nan -0.01257 -0.01257
41.     12.5    -0.0016     nan -0.0016
43.      12.5     -0.11846      nan -0.11846
45.      12.5     -0.06697      nan -0.06697
47.      12.5     -0.08123      nan -0.08123
49.      12.5     -0.03901      nan -0.03901
51.      12.5     -0.00602      nan -0.00602
53.      12.5     -0.00529      nan -0.00529
55.      12.5     -0.00156      nan -0.00156
57.      12.5     -0.00267      nan -0.00267
59.      12.5     -0.00349      nan -0.00349
61.      12.5     -0.00059      nan -0.00059
61.      12.5          nan -2.48954 -2.48954
63.      12.5     -0.00128      nan -0.00128
63.      12.5          nan -3.19265 -3.19265
65.      12.5          nan -0.58266 -0.58266
67.      12.5          nan -0.43747 -0.43747
69.      12.5          nan -0.82109 -0.82109
71.      12.5          nan -0.98291 -0.98291
73.      12.5          nan -0.44183 -0.44183
77.      12.5          nan -0.09422 -0.09422
79.      12.5          nan -0.06977 -0.06977
81.      12.5          nan -0.01588 -0.01588
18.      13.           nan -0.04974 -0.04974
22.      13.           nan -0.03659 -0.03659
26.      13.           nan -0.02443 -0.02443
30.      13.           nan -0.06112 -0.06112
34.      13.      -0.24146      nan -0.24146
34.      13.           nan -0.01203 -0.01203
38.      13.      -3.34619      nan -3.34619
38.      13.           nan -0.00389 -0.00389
42.      13.      -0.39234      nan -0.39234
46.      13.      -0.14637      nan -0.14637
50.      13.      -0.04226      nan -0.04226
54.      13.      -0.01662      nan -0.01662
58.     13.     -0.0036     nan -0.0036
62.      13.      -0.00776      nan -0.00776
62.      13.           nan -0.30002 -0.30002
66.      13.      -0.01153      nan -0.01153
66.      13.           nan -2.41096 -2.41096
70.      13.           nan -1.76658 -1.76658
74.      13.           nan -0.62088 -0.62088
78.      13.           nan -0.00343 -0.00343
34.     15.     -0.4684     nan -0.4684
42.     15.     -0.4389     nan -0.4389
50.     15.     -0.0548     nan -0.0548
58.      15.      -0.01165      nan -0.01165
66.      15.      -0.04227      nan -0.04227
20.      16.           nan -0.05481 -0.05481
28.      16.           nan -0.04061 -0.04061
36.      16.           nan -0.01508 -0.01508
44.      16.           nan -0.00145 -0.00145
68.      16.           nan -3.94644 -3.94644
22.      17.           nan -0.04689 -0.04689
26.      17.           nan -0.03161 -0.03161
30.     17.     -0.2541     nan -0.2541
34.      17.      -2.96569      nan -2.96569
34.      17.           nan -0.01316 -0.01316
38.      17.      -0.25137      nan -0.25137
38.     17.         nan -0.0175 -0.0175
42.      17.      -0.13542      nan -0.13542
42.      17.           nan -0.00768 -0.00768
46.      17.      -0.03839      nan -0.03839
50.      17.      -0.02271      nan -0.02271
58.      17.      -0.00051      nan -0.00051
66.      17.      -0.00337      nan -0.00337
66.      17.           nan -0.31422 -0.31422
70.      17.      -0.03063      nan -0.03063
70.     17.         nan -3.9097 -3.9097
74.      17.           nan -1.45711 -1.45711
30.      19.      -0.71735      nan -0.71735
38.     19.     -0.3549     nan -0.3549
46.      19.      -0.05863      nan -0.05863
62.      19.      -0.00906      nan -0.00906
24.      20.           nan -0.01389 -0.01389
32.      20.           nan -0.05121 -0.05121
26.      21.      -0.15668      nan -0.15668
26.      21.           nan -0.00109 -0.00109
30.      21.      -4.59514      nan -4.59514
30.      21.           nan -0.00899 -0.00899
34.      21.      -0.53459      nan -0.53459
34.      21.           nan -0.06226 -0.06226
38.      21.      -0.12564      nan -0.12564
42.      21.      -0.02773      nan -0.02773
46.      21.      -0.02453      nan -0.02453
46.      21.           nan -0.00699 -0.00699
50.      21.      -0.01142      nan -0.01142
62.     21.     -0.0102     nan -0.0102
66.      21.      -0.00296      nan -0.00296
70.      21.           nan -0.29613 -0.29613
26.      23.      -0.48734      nan -0.48734
34.      23.      -0.62561      nan -0.62561
42.      23.      -0.04386      nan -0.04386
50.      23.      -0.00891      nan -0.00891
58.      23.      -0.01937      nan -0.01937
28.      24.           nan -0.00907 -0.00907
26.      25.      -2.34776      nan -2.34776
30.      25.      -0.40684      nan -0.40684
30.      25.           nan -0.02465 -0.02465
34.      25.      -0.18764      nan -0.18764
38.      25.      -0.03809      nan -0.03809
42.      25.      -0.02425      nan -0.02425
46.      25.      -0.01003      nan -0.01003
50.      25.           nan -0.00105 -0.00105
58.      25.      -0.02883      nan -0.02883
62.      25.      -0.03336      nan -0.03336
32.      30.      -0.11669      nan -0.11669
40.      30.      -0.03165      nan -0.03165
48.      30.      -0.01656      nan -0.01656
40.      38.      -0.03051      nan -0.03051
