43# Number of electrodes
# x z
0	0
2	0
4	0
6	0
8	0
10	0
12	0
14	0
16	0
18	0
20	0
22	0
24	0
26	0
28	0
30	0
32	0
34	0
36	0
38	0
40	0
42	0
44	0
46	0
48	0
50	0
52	0
54	0
56	0
58	0
60	0
62	0
64	0
66	0
68	0
70	0
72	0
74	0
76	0
78	0
80	0
82	0
84	0
446 #Number of data
#a	b	m	n	rhoa	err
 1.0	2.0	3.0	4.0	0.0	0.2
 2.0	3.0	4.0	5.0	0.0	0.2
 3.0	4.0	5.0	6.0	21.86	0.2
 4.0	5.0	6.0	7.0	21.86	0.2
 5.0	6.0	7.0	8.0	21.86	0.2
 6.0	7.0	8.0	9.0	21.86	0.2
 7.0	8.0	9.0	10.0	22.91	0.2
 8.0	9.0	10.0	11.0	31.31	0.2
 9.0	10.0	11.0	12.0	11.79	0.2
 10.0	11.0	12.0	13.0	19.57	0.2
 11.0	12.0	13.0	14.0	16.01	0.2
 12.0	13.0	14.0	15.0	25.52	0.2
 13.0	14.0	15.0	16.0	25.52	0.2
 14.0	15.0	16.0	17.0	15.12	0.2
 15.0	16.0	17.0	18.0	19.68	0.2
 16.0	17.0	18.0	19.0	19.68	0.2
 17.0	18.0	19.0	20.0	20.91	0.2
 18.0	19.0	20.0	21.0	16.39	0.2
 19.0	20.0	21.0	22.0	17.28	0.2
 20.0	21.0	22.0	23.0	17.59	0.2
 21.0	22.0	23.0	24.0	18.6	0.2
 22.0	23.0	24.0	25.0	5.14	0.2
 23.0	24.0	25.0	26.0	24.23	0.2
 24.0	25.0	26.0	27.0	38.74	0.2
 25.0	26.0	27.0	28.0	38.74	0.2
 26.0	27.0	28.0	29.0	38.74	0.2
 27.0	28.0	29.0	30.0	38.74	0.2
 28.0	29.0	30.0	31.0	38.74	0.2
 29.0	30.0	31.0	32.0	38.74	0.2
 30.0	31.0	32.0	33.0	40.71	0.2
 31.0	32.0	33.0	34.0	39.09	0.2
 32.0	33.0	34.0	35.0	39.09	0.2
 33.0	34.0	35.0	36.0	39.0	0.2
 34.0	35.0	36.0	37.0	39.0	0.2
 35.0	36.0	37.0	38.0	38.54	0.2
 36.0	37.0	38.0	39.0	32.34	0.2
 37.0	38.0	39.0	40.0	32.34	0.2
 38.0	39.0	40.0	41.0	29.15	0.2
 39.0	40.0	41.0	42.0	29.15	0.2
 40.0	41.0	42.0	43.0	29.15	0.2
 1.0	2.0	4.0	5.0	13.98	0.2
 2.0	3.0	5.0	6.0	19.88	0.2
 3.0	4.0	6.0	7.0	16.75	0.2
 4.0	5.0	7.0	8.0	17.18	0.2
 5.0	6.0	8.0	9.0	17.53	0.2
 6.0	7.0	9.0	10.0	21.2	0.2
 7.0	8.0	10.0	11.0	35.19	0.2
 8.0	9.0	11.0	12.0	23.34	0.2
 9.0	10.0	12.0	13.0	19.27	0.2
 10.0	11.0	13.0	14.0	24.63	0.2
 11.0	12.0	14.0	15.0	36.48	0.2
 12.0	13.0	15.0	16.0	42.28	0.2
 13.0	14.0	16.0	17.0	18.17	0.2
 14.0	15.0	17.0	18.0	20.5	0.2
 15.0	16.0	18.0	19.0	62.74	0.2
 16.0	17.0	19.0	20.0	31.53	0.2
 17.0	18.0	20.0	21.0	38.69	0.2
 18.0	19.0	21.0	22.0	31.36	0.2
 19.0	20.0	22.0	23.0	36.4	0.2
 20.0	21.0	23.0	24.0	33.56	0.2
 21.0	22.0	24.0	25.0	111.21	0.2
 22.0	23.0	25.0	26.0	111.21	0.2
 23.0	24.0	26.0	27.0	57.11	0.2
 24.0	25.0	27.0	28.0	64.37	0.2
 25.0	26.0	28.0	29.0	164.83	0.2
 26.0	27.0	29.0	30.0	136.12	0.2
 27.0	28.0	30.0	31.0	57.43	0.2
 28.0	29.0	31.0	32.0	57.43	0.2
 29.0	30.0	32.0	33.0	41.41	0.2
 30.0	31.0	33.0	34.0	65.71	0.2
 31.0	32.0	34.0	35.0	41.39	0.2
 32.0	33.0	35.0	36.0	41.39	0.2
 33.0	34.0	36.0	37.0	55.03	0.2
 34.0	35.0	37.0	38.0	49.47	0.2
 35.0	36.0	38.0	39.0	81.87	0.2
 36.0	37.0	39.0	40.0	83.63	0.2
 37.0	38.0	40.0	41.0	48.24	0.2
 38.0	39.0	41.0	42.0	65.78	0.2
 39.0	40.0	42.0	43.0	77.45	0.2
 1.0	2.0	5.0	6.0	14.43	0.2
 1.0	3.0	5.0	7.0	11.43	0.2
 2.0	3.0	6.0	7.0	21.84	0.2
 3.0	4.0	7.0	8.0	17.48	0.2
 3.0	5.0	7.0	9.0	11.32	0.2
 4.0	5.0	8.0	9.0	21.51	0.2
 5.0	6.0	9.0	10.0	23.27	0.2
 5.0	7.0	9.0	11.0	13.81	0.2
 6.0	7.0	10.0	11.0	35.19	0.2
 7.0	8.0	11.0	12.0	33.35	0.2
 7.0	9.0	11.0	13.0	15.96	0.2
 8.0	9.0	12.0	13.0	30.23	0.2
 9.0	10.0	13.0	14.0	18.12	0.2
 9.0	11.0	13.0	15.0	19.58	0.2
 10.0	11.0	14.0	15.0	60.7	0.2
 11.0	12.0	15.0	16.0	60.01	0.2
 11.0	13.0	15.0	17.0	28.56	0.2
 12.0	13.0	16.0	17.0	37.21	0.2
 13.0	14.0	17.0	18.0	20.27	0.2
 13.0	15.0	17.0	19.0	12.71	0.2
 14.0	15.0	18.0	19.0	19.28	0.2
 15.0	16.0	19.0	20.0	77.82	0.2
 15.0	17.0	19.0	21.0	27.77	0.2
 16.0	17.0	20.0	21.0	38.79	0.2
 17.0	18.0	21.0	22.0	47.54	0.2
 17.0	19.0	21.0	23.0	25.83	0.2
 18.0	19.0	22.0	23.0	43.36	0.2
 19.0	20.0	23.0	24.0	44.53	0.2
 19.0	21.0	23.0	25.0	23.78	0.2
 20.0	21.0	24.0	25.0	245.03	0.2
 21.0	22.0	25.0	26.0	245.03	0.2
 21.0	23.0	25.0	27.0	78.23	0.2
 22.0	23.0	26.0	27.0	146.32	0.2
 23.0	24.0	27.0	28.0	93.01	0.2
 23.0	25.0	27.0	29.0	28.46	0.2
 24.0	25.0	28.0	29.0	259.53	0.2
 25.0	26.0	29.0	30.0	259.53	0.2
 25.0	27.0	29.0	31.0	41.52	0.2
 26.0	27.0	30.0	31.0	259.53	0.2
 27.0	28.0	31.0	32.0	66.34	0.2
 27.0	29.0	31.0	33.0	10.62	0.2
 28.0	29.0	32.0	33.0	66.34	0.2
 29.0	30.0	33.0	34.0	56.09	0.2
 29.0	31.0	33.0	35.0	9.26	0.2
 30.0	31.0	34.0	35.0	57.9	0.2
 31.0	32.0	35.0	36.0	54.24	0.2
 31.0	33.0	35.0	37.0	5.44	0.2
 32.0	33.0	36.0	37.0	33.98	0.2
 33.0	34.0	37.0	38.0	48.02	0.2
 33.0	35.0	37.0	39.0	11.11	0.2
 34.0	35.0	38.0	39.0	69.43	0.2
 35.0	36.0	39.0	40.0	74.73	0.2
 35.0	37.0	39.0	41.0	29.97	0.2
 36.0	37.0	40.0	41.0	67.77	0.2
 37.0	38.0	41.0	42.0	56.35	0.2
 37.0	39.0	41.0	43.0	9.02	0.2
 38.0	39.0	42.0	43.0	56.35	0.2
 1.0	2.0	6.0	7.0	20.03	0.2
 2.0	3.0	7.0	8.0	25.12	0.2
 3.0	4.0	8.0	9.0	24.82	0.2
 4.0	5.0	9.0	10.0	28.67	0.2
 5.0	6.0	10.0	11.0	37.51	0.2
 6.0	7.0	11.0	12.0	34.95	0.2
 7.0	8.0	12.0	13.0	33.13	0.2
 8.0	9.0	13.0	14.0	26.13	0.2
 9.0	10.0	14.0	15.0	36.67	0.2
 10.0	11.0	15.0	16.0	92.81	0.2
 11.0	12.0	16.0	17.0	50.24	0.2
 12.0	13.0	17.0	18.0	36.59	0.2
 13.0	14.0	18.0	19.0	17.5	0.2
 14.0	15.0	19.0	20.0	22.29	0.2
 15.0	16.0	20.0	21.0	79.81	0.2
 16.0	17.0	21.0	22.0	41.29	0.2
 17.0	18.0	22.0	23.0	54.83	0.2
 18.0	19.0	23.0	24.0	42.55	0.2
 19.0	20.0	24.0	25.0	536.13	0.2
 20.0	21.0	25.0	26.0	536.13	0.2
 21.0	22.0	26.0	27.0	250.79	0.2
 22.0	23.0	27.0	28.0	182.55	0.2
 23.0	24.0	28.0	29.0	44.17	0.2
 24.0	25.0	29.0	30.0	419.37	0.2
 25.0	26.0	30.0	31.0	419.37	0.2
 26.0	27.0	31.0	32.0	419.37	0.2
 27.0	28.0	32.0	33.0	352.38	0.2
 28.0	29.0	33.0	34.0	106.82	0.2
 29.0	30.0	34.0	35.0	60.87	0.2
 30.0	31.0	35.0	36.0	64.95	0.2
 31.0	32.0	36.0	37.0	46.15	0.2
 32.0	33.0	37.0	38.0	28.83	0.2
 33.0	34.0	38.0	39.0	59.31	0.2
 34.0	35.0	39.0	40.0	61.54	0.2
 35.0	36.0	40.0	41.0	61.47	0.2
 36.0	37.0	41.0	42.0	66.66	0.2
 37.0	38.0	42.0	43.0	60.05	0.2
 1.0	3.0	7.0	9.0	16.63	0.2
 3.0	5.0	9.0	11.0	18.22	0.2
 5.0	7.0	11.0	13.0	21.15	0.2
 7.0	9.0	13.0	15.0	23.45	0.2
 9.0	11.0	15.0	17.0	46.28	0.2
 11.0	13.0	17.0	19.0	24.81	0.2
 13.0	15.0	19.0	21.0	12.86	0.2
 15.0	17.0	21.0	23.0	39.03	0.2
 17.0	19.0	23.0	25.0	28.47	0.2
 19.0	21.0	25.0	27.0	317.24	0.2
 21.0	23.0	27.0	29.0	94.62	0.2
 23.0	25.0	29.0	31.0	18.63	0.2
 25.0	27.0	31.0	33.0	191.76	0.2
 27.0	29.0	33.0	35.0	191.76	0.2
 29.0	31.0	35.0	37.0	36.71	0.2
 31.0	33.0	37.0	39.0	21.61	0.2
 33.0	35.0	39.0	41.0	58.21	0.2
 35.0	37.0	41.0	43.0	58.21	0.2
 1.0	3.0	8.0	9.0	28.04	0.2
 2.0	4.0	9.0	10.0	28.24	0.2
 3.0	5.0	10.0	11.0	38.38	0.2
 4.0	6.0	11.0	12.0	33.72	0.2
 5.0	7.0	12.0	13.0	28.4	0.2
 6.0	8.0	13.0	14.0	23.6	0.2
 7.0	9.0	14.0	15.0	44.91	0.2
 8.0	10.0	15.0	16.0	50.02	0.2
 9.0	11.0	16.0	17.0	55.01	0.2
 10.0	12.0	17.0	18.0	47.23	0.2
 11.0	13.0	18.0	19.0	29.25	0.2
 12.0	14.0	19.0	20.0	20.14	0.2
 13.0	15.0	20.0	21.0	16.9	0.2
 14.0	16.0	21.0	22.0	48.62	0.2
 15.0	17.0	22.0	23.0	50.96	0.2
 16.0	18.0	23.0	24.0	37.88	0.2
 18.0	19.0	24.0	26.0	717.58	0.2
 17.0	19.0	24.0	25.0	12.34	0.2
 19.0	20.0	25.0	27.0	1143.2	0.2
 20.0	21.0	26.0	28.0	495.35	0.2
 21.0	22.0	27.0	29.0	216.23	0.2
 22.0	23.0	28.0	30.0	66.56	0.2
 23.0	24.0	29.0	31.0	41.65	0.2
 24.0	25.0	30.0	32.0	11.21	0.2
 25.0	26.0	31.0	33.0	2.11	0.2
 24.0	26.0	31.0	32.0	774.65	0.2
 25.0	27.0	32.0	33.0	1223.74	0.2
 26.0	28.0	33.0	34.0	748.42	0.2
 27.0	29.0	34.0	35.0	372.11	0.2
 28.0	30.0	35.0	36.0	124.04	0.2
 29.0	31.0	36.0	37.0	62.13	0.2
 30.0	32.0	37.0	38.0	54.8	0.2
 31.0	33.0	38.0	39.0	34.94	0.2
 32.0	34.0	39.0	40.0	40.87	0.2
 33.0	35.0	40.0	41.0	43.93	0.2
 34.0	36.0	41.0	42.0	60.87	0.2
 35.0	37.0	42.0	43.0	65.31	0.2
 17.0	21.0	23.0	29.0	31.9	0.2
 21.0	25.0	27.0	33.0	29.13	0.2
 25.0	29.0	31.0	37.0	9.15	0.2
 29.0	33.0	35.0	41.0	2.5	0.2
 1.0	3.0	9.0	11.0	21.99	0.2
 1.0	5.0	9.0	13.0	11.2	0.2
 3.0	5.0	11.0	13.0	21.67	0.2
 5.0	7.0	13.0	15.0	22.36	0.2
 5.0	9.0	13.0	17.0	14.21	0.2
 7.0	9.0	15.0	17.0	37.12	0.2
 9.0	11.0	17.0	19.0	31.33	0.2
 9.0	13.0	17.0	21.0	16.74	0.2
 11.0	13.0	19.0	21.0	20.07	0.2
 13.0	15.0	21.0	23.0	12.21	0.2
 13.0	17.0	21.0	25.0	20.97	0.2
 15.0	17.0	23.0	25.0	31.7	0.2
 17.0	19.0	25.0	27.0	924.1	0.2
 17.0	21.0	25.0	29.0	1.7	0.2
 19.0	21.0	27.0	29.0	219.19	0.2
 21.0	23.0	29.0	31.0	24.71	0.2
 25.0	27.0	33.0	35.0	1112.77	0.2
 25.0	29.0	33.0	37.0	213.83	0.2
 27.0	29.0	35.0	37.0	292.22	0.2
 29.0	31.0	37.0	39.0	64.23	0.2
 31.0	33.0	39.0	41.0	21.75	0.2
 33.0	35.0	41.0	43.0	45.22	0.2
 1.0	3.0	10.0	11.0	37.23	0.2
 2.0	4.0	11.0	12.0	32.27	0.2
 3.0	5.0	12.0	13.0	31.52	0.2
 4.0	6.0	13.0	14.0	23.19	0.2
 5.0	7.0	14.0	15.0	42.52	0.2
 6.0	8.0	15.0	16.0	53.59	0.2
 7.0	9.0	16.0	17.0	44.11	0.2
 8.0	10.0	17.0	18.0	33.11	0.2
 9.0	11.0	18.0	19.0	35.28	0.2
 10.0	12.0	19.0	20.0	39.6	0.2
 11.0	13.0	20.0	21.0	27.0	0.2
 12.0	14.0	21.0	22.0	15.83	0.2
 13.0	15.0	22.0	23.0	15.47	0.2
 14.0	16.0	23.0	24.0	43.41	0.2
 16.0	17.0	24.0	26.0	2316.54	0.2
 15.0	17.0	24.0	25.0	14.59	0.2
 17.0	18.0	25.0	27.0	2586.57	0.2
 18.0	19.0	26.0	28.0	1282.39	0.2
 19.0	20.0	27.0	29.0	678.95	0.2
 20.0	21.0	28.0	30.0	142.15	0.2
 21.0	22.0	29.0	31.0	55.61	0.2
 22.0	23.0	30.0	32.0	45.84	0.2
 24.0	25.0	32.0	34.0	5.42	0.2
 25.0	26.0	33.0	35.0	1.26	0.2
 24.0	26.0	33.0	34.0	2090.37	0.2
 25.0	27.0	34.0	35.0	2839.05	0.2
 26.0	28.0	35.0	36.0	1696.05	0.2
 27.0	29.0	36.0	37.0	627.35	0.2
 28.0	30.0	37.0	38.0	208.53	0.2
 29.0	31.0	38.0	39.0	141.66	0.2
 31.0	32.0	39.0	41.0	3.36	0.2
 30.0	32.0	39.0	40.0	86.45	0.2
 31.0	33.0	40.0	41.0	45.42	0.2
 32.0	34.0	41.0	42.0	58.34	0.2
 33.0	35.0	42.0	43.0	77.46	0.2
 1.0	3.0	11.0	13.0	23.33	0.2
 3.0	5.0	13.0	15.0	22.35	0.2
 5.0	7.0	15.0	17.0	30.93	0.2
 7.0	9.0	17.0	19.0	19.68	0.2
 9.0	11.0	19.0	21.0	21.13	0.2
 11.0	13.0	21.0	23.0	19.1	0.2
 13.0	15.0	23.0	25.0	9.49	0.2
 15.0	17.0	25.0	27.0	2645.12	0.2
 17.0	19.0	27.0	29.0	505.08	0.2
 19.0	21.0	29.0	31.0	52.6	0.2
 21.0	23.0	31.0	33.0	34.95	0.2
 23.0	25.0	33.0	35.0	3.47	0.2
 25.0	27.0	35.0	37.0	478.94	0.2
 27.0	29.0	37.0	39.0	478.94	0.2
 29.0	31.0	39.0	41.0	72.14	0.2
 31.0	33.0	41.0	43.0	46.49	0.2
 1.0	3.0	12.0	13.0	43.56	0.2
 2.0	4.0	13.0	14.0	28.25	0.2
 3.0	5.0	14.0	15.0	43.29	0.2
 4.0	6.0	15.0	16.0	50.71	0.2
 5.0	7.0	16.0	17.0	38.63	0.2
 6.0	8.0	17.0	18.0	26.53	0.2
 7.0	9.0	18.0	19.0	24.84	0.2
 8.0	10.0	19.0	20.0	32.02	0.2
 9.0	11.0	20.0	21.0	27.79	0.2
 10.0	12.0	21.0	22.0	28.4	0.2
 11.0	13.0	22.0	23.0	25.05	0.2
 12.0	14.0	23.0	24.0	18.82	0.2
 14.0	15.0	24.0	26.0	4637.7	0.2
 13.0	15.0	24.0	25.0	4.55	0.2
 15.0	16.0	25.0	27.0	6534.21	0.2
 16.0	17.0	26.0	28.0	3495.48	0.2
 17.0	18.0	27.0	29.0	1313.52	0.2
 18.0	19.0	28.0	30.0	313.64	0.2
 19.0	20.0	29.0	31.0	154.86	0.2
 20.0	21.0	30.0	32.0	86.54	0.2
 21.0	22.0	31.0	33.0	54.99	0.2
 22.0	23.0	32.0	34.0	26.15	0.2
 23.0	24.0	33.0	35.0	2.78	0.2
 24.0	25.0	34.0	36.0	4.58	0.2
 25.0	26.0	35.0	37.0	1.2	0.2
 24.0	26.0	35.0	36.0	3977.22	0.2
 25.0	27.0	36.0	37.0	4123.09	0.2
 26.0	28.0	37.0	38.0	2597.6	0.2
 27.0	29.0	38.0	39.0	1289.64	0.2
 28.0	30.0	39.0	40.0	322.52	0.2
 29.0	31.0	40.0	41.0	135.26	0.2
 30.0	32.0	41.0	42.0	164.76	0.2
 31.0	33.0	42.0	43.0	80.37	0.2
 13.0	17.0	23.0	29.0	210.39	0.2
 17.0	21.0	27.0	33.0	104.33	0.2
 21.0	25.0	31.0	37.0	11.97	0.2
 25.0	29.0	35.0	41.0	3.82	0.2
 1.0	5.0	13.0	17.0	14.81	0.2
 5.0	9.0	17.0	21.0	10.75	0.2
 9.0	13.0	21.0	25.0	12.49	0.2
 13.0	17.0	25.0	29.0	5.75	0.2
 1.0	3.0	14.0	15.0	60.54	0.2
 2.0	4.0	15.0	16.0	59.69	0.2
 3.0	5.0	16.0	17.0	41.33	0.2
 4.0	6.0	17.0	18.0	31.46	0.2
 5.0	7.0	18.0	19.0	21.98	0.2
 6.0	8.0	19.0	20.0	17.02	0.2
 7.0	9.0	20.0	21.0	34.77	0.2
 8.0	10.0	21.0	22.0	31.84	0.2
 9.0	11.0	22.0	23.0	22.09	0.2
 10.0	12.0	23.0	24.0	20.03	0.2
 12.0	13.0	24.0	26.0	6490.11	0.2
 11.0	13.0	24.0	25.0	9.42	0.2
 13.0	14.0	25.0	27.0	6147.25	0.2
 14.0	15.0	26.0	28.0	6262.18	0.2
 15.0	16.0	27.0	29.0	3014.15	0.2
 16.0	17.0	28.0	30.0	787.45	0.2
 17.0	18.0	29.0	31.0	305.55	0.2
 18.0	19.0	30.0	32.0	173.41	0.2
 19.0	20.0	31.0	33.0	121.49	0.2
 20.0	21.0	32.0	34.0	47.16	0.2
 21.0	22.0	33.0	35.0	44.08	0.2
 22.0	23.0	34.0	36.0	40.3	0.2
 23.0	24.0	35.0	37.0	25.39	0.2
 24.0	25.0	36.0	38.0	8.45	0.2
 25.0	26.0	37.0	39.0	0.68	0.2
 24.0	26.0	37.0	38.0	5464.01	0.2
 25.0	27.0	38.0	39.0	7699.45	0.2
 26.0	28.0	39.0	40.0	3674.47	0.2
 27.0	29.0	40.0	41.0	1316.66	0.2
 28.0	30.0	41.0	42.0	653.22	0.2
 29.0	31.0	42.0	43.0	496.12	0.2
 1.0	5.0	15.0	17.0	29.38	0.2
 3.0	7.0	17.0	19.0	16.2	0.2
 5.0	9.0	19.0	21.0	12.98	0.2
 7.0	11.0	21.0	23.0	19.59	0.2
 11.0	13.0	23.0	27.0	427.32	0.2
 9.0	13.0	23.0	25.0	12.35	0.2
 13.0	15.0	25.0	29.0	3911.42	0.2
 15.0	17.0	27.0	31.0	932.18	0.2
 17.0	19.0	29.0	33.0	104.86	0.2
 19.0	21.0	31.0	35.0	46.13	0.2
 21.0	23.0	33.0	37.0	24.39	0.2
 23.0	25.0	35.0	39.0	6.0	0.2
 25.0	27.0	37.0	41.0	0.25	0.2
 23.0	27.0	37.0	39.0	378.43	0.2
 25.0	29.0	39.0	41.0	1660.76	0.2
 27.0	31.0	41.0	43.0	783.02	0.2
 9.0	13.0	23.0	29.0	536.31	0.2
 13.0	17.0	27.0	33.0	453.97	0.2
 17.0	21.0	31.0	37.0	25.9	0.2
 21.0	25.0	35.0	41.0	8.83	0.2
 1.0	5.0	17.0	21.0	17.51	0.2
 5.0	9.0	21.0	25.0	19.23	0.2
 9.0	13.0	25.0	29.0	4.82	0.2
 1.0	5.0	19.0	21.0	18.15	0.2
 3.0	7.0	21.0	23.0	14.97	0.2
 7.0	9.0	23.0	27.0	1202.49	0.2
 5.0	9.0	23.0	25.0	22.68	0.2
 9.0	11.0	25.0	29.0	8977.6	0.2
 11.0	13.0	27.0	31.0	1840.63	0.2
 13.0	15.0	29.0	33.0	387.36	0.2
 15.0	17.0	31.0	35.0	153.09	0.2
 17.0	19.0	33.0	37.0	58.85	0.2
 19.0	21.0	35.0	39.0	31.49	0.2
 21.0	23.0	37.0	41.0	14.69	0.2
 23.0	27.0	41.0	43.0	1062.0	0.2
 5.0	9.0	23.0	29.0	1393.58	0.2
 9.0	13.0	27.0	33.0	853.0	0.2
 13.0	17.0	31.0	37.0	86.87	0.2
 17.0	21.0	35.0	41.0	19.19	0.2
 1.0	5.0	21.0	25.0	1.41	0.2
 3.0	5.0	23.0	27.0	2045.37	0.2
 5.0	7.0	25.0	29.0	16382.69	0.2
 7.0	9.0	27.0	31.0	4284.08	0.2
 5.0	9.0	27.0	29.0	30.94	0.2
 9.0	11.0	29.0	33.0	768.97	0.2
 7.0	11.0	29.0	31.0	13.67	0.2
 11.0	13.0	31.0	35.0	244.23	0.2
 13.0	15.0	33.0	37.0	185.87	0.2
 15.0	17.0	35.0	39.0	107.01	0.2
 17.0	19.0	37.0	41.0	36.32	0.2
 19.0	21.0	39.0	43.0	29.35	0.2
 1.0	5.0	23.0	29.0	2291.17	0.2
 5.0	9.0	27.0	33.0	1896.71	0.2
 9.0	13.0	31.0	37.0	157.1	0.2
 13.0	17.0	35.0	41.0	55.77	0.2
 1.0	5.0	25.0	29.0	14.26	0.2
 5.0	9.0	29.0	33.0	46.46	0.2
 1.0	3.0	25.0	29.0	28057.31	0.2
 3.0	5.0	27.0	31.0	6418.34	0.2
 5.0	7.0	29.0	33.0	1266.17	0.2
 7.0	9.0	31.0	35.0	636.55	0.2
 5.0	9.0	31.0	33.0	112.61	0.2
 9.0	11.0	33.0	37.0	355.83	0.2
 7.0	11.0	33.0	35.0	7.7	0.2
 11.0	13.0	35.0	39.0	166.02	0.2
 13.0	15.0	37.0	41.0	105.24	0.2
 15.0	17.0	39.0	43.0	77.31	0.2
 1.0	5.0	29.0	37.0	654.92	0.2
 5.0	9.0	33.0	41.0	218.71	0.2
